36.46168518066406 86.19916534423828
41.16965866088867 104.84712219238281
43.76347732543945 124.34858703613281
46.456268310546875 143.95941162109375
52.501739501953125 160.51220703125
66.52704620361328 174.42132568359375
82.54930877685547 186.48956298828125
98.82115936279297 194.2578582763672
117.45506286621094 197.5942840576172
137.19456481933594 194.1162109375
152.2313995361328 182.85679626464844
164.6878662109375 170.31398010253906
176.94326782226562 156.7097625732422
184.554443359375 140.71971130371094
187.6517333984375 122.15841674804688
189.6426239013672 104.8885269165039
190.72607421875 85.74923706054688
53.39617919921875 75.79843139648438
63.99712371826172 61.78058624267578
76.21897888183594 60.17729568481445
88.54350280761719 60.79959487915039
100.692138671875 63.83927917480469
133.9952392578125 65.440673828125
144.9530029296875 62.63074493408203
156.61349487304688 62.12405776977539
167.3844757080078 62.829647064208984
176.80133056640625 76.69873809814453
115.26275634765625 88.8210678100586
115.88739013671875 102.196044921875
116.70086669921875 114.73163604736328
116.97781372070312 126.77799987792969
95.04197692871094 127.9027099609375
106.46966552734375 129.9585418701172
117.74573516845703 133.79393005371094
129.238037109375 129.41807556152344
139.37596130371094 127.20877075195312
68.11518859863281 88.0377426147461
73.52693176269531 85.26008605957031
89.48052978515625 85.52685546875
95.15413665771484 89.7052993774414
87.79014587402344 90.82516479492188
73.9862060546875 90.33607482910156
135.74208068847656 89.9804458618164
141.57467651367188 85.85319519042969
157.31007385253906 86.12653350830078
162.934814453125 88.52967071533203
155.62283325195312 90.97460174560547
142.5404815673828 91.4208755493164
77.69908905029297 137.49598693847656
93.10132598876953 138.16322326660156
109.64358520507812 139.4355926513672
118.03809356689453 139.4140167236328
125.77857971191406 138.2015380859375
141.06240844726562 136.55612182617188
155.77252197265625 135.80950927734375
146.08326721191406 148.8526153564453
133.3251190185547 157.4194793701172
117.31407165527344 160.69622802734375
101.99385070800781 158.08932495117188
88.72164154052734 149.43531799316406
80.03543090820312 139.59288024902344
100.24327087402344 142.14292907714844
117.74203491210938 142.61387634277344
135.95123291015625 142.14096069335938
153.3437957763672 137.19525146484375
137.42674255371094 150.06903076171875
117.4271469116211 153.38107299804688
98.3848648071289 150.04379272460938
